#$Id: Retinotopy Annotations
    # No. Label Name:           R   G   B   A
    0   None                   255  255  255   255
    1	RM288      0  0  255  0
2	RM160      0  0  212  0
3	RM96      0  0  170  0
4	RM272      0  128  255  0
5	RM144      0  107  212  0
6	RM80      0  86  170  0
7	RM264      19  255  230  0
8	RM136      16  212  192  0
9	RM72      12  170  154  0
10	RM260      228  255  19  0
11	RM132      190  212  15  0
12	RM68      152  170  12  0
13	RM258      255  148  0  0
14	RM130      212  124  0  0
15	RM66      170  99  0  0
16	RM257      255  34  0  0
17	RM129      212  28  0  0
18	RM65      170  22  0  0
